prioridade|8
processo-0|0|56|95|1|5120
processo-1|1|32|10|6|7168
processo-2|2|72|65|9|9216
processo-3|3|64|27|3|7168
processo-4|4|56|88|2|8192
processo-5|5|16|85|5|1024
processo-6|6|32|16|1|5120
processo-7|7|40|75|4|4096
processo-8|8|24|12|5|2048
processo-9|9|64|22|5|5120
processo-10|10|64|90|1|2048
processo-11|11|64|30|4|2048
processo-12|12|48|54|5|5120
processo-13|13|72|3|1|2048
processo-14|14|16|99|7|2048
processo-15|15|72|12|1|5120
processo-16|16|72|55|6|1024
processo-17|17|16|56|5|2048
processo-18|18|40|49|1|4096
processo-19|19|16|97|3|7168
processo-20|20|32|54|1|2048
processo-21|21|32|37|9|2048
processo-22|22|56|84|1|8192
processo-23|23|48|26|9|2048
processo-24|24|56|53|1|3072
processo-25|25|48|98|2|8192
processo-26|26|8|88|4|1024
processo-27|27|64|4|2|1024
processo-28|28|40|98|9|9216
processo-29|29|16|73|9|2048
processo-30|30|8|68|6|9216
processo-31|31|8|24|9|4096
processo-32|32|40|3|1|8192
processo-33|33|32|6|5|3072
processo-34|34|24|62|6|8192
processo-35|35|48|46|1|2048
processo-36|36|48|51|7|1024
processo-37|37|72|10|9|6144
processo-38|38|40|31|3|5120
processo-39|39|56|66|2|3072
processo-40|40|48|71|9|3072
processo-41|41|24|68|1|8192
processo-42|42|56|76|4|7168
processo-43|43|24|93|2|7168
processo-44|44|64|9|5|6144
processo-45|45|72|39|8|6144
processo-46|46|24|9|8|7168
processo-47|47|32|60|7|8192
processo-48|48|40|83|1|3072
processo-49|49|64|82|2|9216
processo-50|50|32|47|4|8192
processo-51|51|24|32|6|9216
processo-52|52|16|64|8|4096
processo-53|53|40|46|2|7168
processo-54|54|8|26|6|7168
processo-55|55|8|30|4|2048
processo-56|56|64|28|6|7168
processo-57|57|48|19|4|7168
processo-58|58|64|33|7|6144
processo-59|59|72|19|3|9216
processo-60|60|40|16|7|9216
processo-61|61|56|1|3|4096
processo-62|62|24|92|7|4096
processo-63|63|72|47|4|3072
processo-64|64|16|24|3|9216
processo-65|65|24|52|8|3072
processo-66|66|56|21|8|9216
processo-67|67|64|96|8|9216
processo-68|68|16|6|1|5120
processo-69|69|32|48|8|9216
processo-70|70|72|59|9|6144
processo-71|71|48|11|6|1024
processo-72|72|8|30|3|5120
processo-73|73|64|7|6|9216
processo-74|74|72|90|5|1024
processo-75|75|48|10|2|2048
processo-76|76|40|49|6|7168
processo-77|77|48|17|1|5120
processo-78|78|8|56|3|2048
processo-79|79|32|4|1|7168
processo-80|80|48|77|8|8192
processo-81|81|16|24|8|9216
processo-82|82|8|29|1|8192
processo-83|83|64|38|2|5120
processo-84|84|64|56|4|2048
processo-85|85|24|33|4|1024
processo-86|86|40|82|2|9216
processo-87|87|32|96|1|2048
processo-88|88|56|19|3|4096
processo-89|89|56|54|5|6144
processo-90|90|32|14|1|6144
processo-91|91|72|13|1|5120
processo-92|92|8|79|1|5120
processo-93|93|40|72|5|9216
processo-94|94|16|25|1|5120
processo-95|95|48|46|4|3072
processo-96|96|48|1|2|1024
processo-97|97|72|7|2|4096
processo-98|98|48|56|6|7168
processo-99|99|64|54|7|4096
processo-100|100|16|6|8|7168
processo-101|101|24|51|3|2048
processo-102|102|32|89|3|5120
processo-103|103|16|54|7|1024
processo-104|104|40|59|9|6144
processo-105|105|72|93|8|9216
processo-106|106|8|41|8|1024
processo-107|107|16|39|9|9216
processo-108|108|24|30|7|8192
processo-109|109|64|64|3|9216
processo-110|110|64|34|5|2048
processo-111|111|8|58|7|8192
processo-112|112|40|32|2|9216
processo-113|113|32|75|1|8192
processo-114|114|8|46|3|6144
processo-115|115|56|57|4|3072
processo-116|116|72|8|7|8192
processo-117|117|72|18|5|2048
processo-118|118|24|51|9|9216
processo-119|119|40|57|6|4096
processo-120|120|40|15|5|2048
processo-121|121|40|64|7|9216
processo-122|122|64|43|9|7168
processo-123|123|40|29|1|6144
processo-124|124|48|23|5|2048
processo-125|125|56|80|2|4096
processo-126|126|72|79|1|9216
processo-127|127|32|74|5|6144
processo-128|128|64|54|4|3072
processo-129|129|64|45|3|9216
processo-130|130|48|92|8|5120
processo-131|131|16|48|9|1024
processo-132|132|48|85|1|9216
processo-133|133|40|81|4|7168
processo-134|134|16|53|4|8192
processo-135|135|24|29|5|2048
processo-136|136|72|17|2|9216
processo-137|137|8|71|8|6144
processo-138|138|56|60|6|6144
processo-139|139|72|12|4|1024
processo-140|140|72|89|7|7168
processo-141|141|48|72|4|2048
processo-142|142|8|2|8|3072
processo-143|143|8|54|9|3072
processo-144|144|32|19|7|1024
processo-145|145|24|24|3|5120
processo-146|146|8|37|3|2048
processo-147|147|40|76|4|1024
processo-148|148|56|8|6|2048
processo-149|149|24|4|1|5120
processo-150|150|72|70|3|3072
processo-151|151|16|20|8|9216
processo-152|152|48|92|7|6144
processo-153|153|40|13|8|5120
processo-154|154|8|29|9|1024
processo-155|155|24|91|2|8192
processo-156|156|8|22|1|3072
processo-157|157|24|94|2|7168
processo-158|158|16|12|6|1024
processo-159|159|40|69|5|3072
processo-160|160|48|50|5|1024
processo-161|161|48|36|8|1024
processo-162|162|64|50|1|4096
processo-163|163|40|12|5|6144
processo-164|164|48|74|8|3072
processo-165|165|48|27|4|1024
processo-166|166|16|92|7|3072
processo-167|167|32|32|5|6144
processo-168|168|56|75|8|8192
processo-169|169|16|9|7|5120
processo-170|170|48|75|2|9216
processo-171|171|40|37|1|9216
processo-172|172|40|83|2|9216
processo-173|173|24|52|2|3072
processo-174|174|24|49|6|6144
processo-175|175|32|54|9|2048
processo-176|176|32|80|6|5120
processo-177|177|24|36|7|5120
processo-178|178|16|72|9|6144
processo-179|179|16|97|9|5120
processo-180|180|64|63|5|9216
processo-181|181|56|75|3|1024
processo-182|182|16|75|1|6144
processo-183|183|56|83|5|5120
processo-184|184|72|71|5|7168
processo-185|185|64|87|2|7168
processo-186|186|40|13|3|7168
processo-187|187|48|40|6|4096
processo-188|188|40|81|9|6144
processo-189|189|16|31|7|3072
processo-190|190|48|70|5|4096
processo-191|191|24|30|6|8192
processo-192|192|72|62|8|4096
processo-193|193|72|46|7|7168
processo-194|194|40|65|8|9216
processo-195|195|40|60|7|3072
processo-196|196|48|90|2|1024
processo-197|197|48|86|1|5120
processo-198|198|40|39|5|2048
processo-199|199|64|49|2|3072
processo-200|200|16|76|4|6144
processo-201|201|40|40|9|6144
processo-202|202|40|92|6|3072
processo-203|203|64|56|5|1024
processo-204|204|24|96|3|4096
processo-205|205|48|5|1|2048
processo-206|206|48|13|4|5120
processo-207|207|32|37|9|2048
processo-208|208|32|92|3|5120
processo-209|209|48|77|8|2048
processo-210|210|24|85|4|7168
processo-211|211|24|98|9|8192
processo-212|212|72|38|3|4096
processo-213|213|8|56|5|6144
processo-214|214|8|8|5|4096
processo-215|215|64|25|9|8192
processo-216|216|72|46|4|1024
processo-217|217|48|80|9|5120
processo-218|218|16|70|8|7168
processo-219|219|8|87|8|8192
processo-220|220|72|21|9|9216
processo-221|221|64|4|8|7168
processo-222|222|32|80|5|5120
processo-223|223|32|38|4|1024
processo-224|224|72|16|7|3072
processo-225|225|72|96|9|8192
processo-226|226|48|35|9|2048
processo-227|227|72|89|8|8192
processo-228|228|8|14|7|5120
processo-229|229|48|82|9|1024
processo-230|230|8|81|3|3072
processo-231|231|72|72|7|8192
processo-232|232|48|61|9|7168
processo-233|233|64|34|4|6144
processo-234|234|64|39|4|1024
processo-235|235|64|33|5|1024
processo-236|236|32|19|1|9216
processo-237|237|48|39|2|7168
processo-238|238|32|22|8|6144
processo-239|239|16|16|7|9216
processo-240|240|48|85|8|5120
processo-241|241|16|45|4|2048
processo-242|242|16|29|4|7168
processo-243|243|48|75|5|2048
processo-244|244|8|40|8|4096
processo-245|245|40|97|8|3072
processo-246|246|56|5|9|9216
processo-247|247|64|15|6|4096
processo-248|248|72|16|1|6144
processo-249|249|48|81|9|4096
processo-250|250|56|50|2|1024
processo-251|251|16|19|5|2048
processo-252|252|40|91|9|4096
processo-253|253|64|67|4|1024
processo-254|254|16|45|6|2048
processo-255|255|40|97|6|7168
processo-256|256|16|12|3|9216
processo-257|257|48|82|1|6144
processo-258|258|40|44|3|6144
processo-259|259|40|76|3|8192
processo-260|260|8|38|7|7168
processo-261|261|8|77|3|7168
processo-262|262|48|77|6|1024
processo-263|263|64|96|3|1024
processo-264|264|64|46|7|2048
processo-265|265|64|79|1|1024
processo-266|266|8|74|9|3072
processo-267|267|72|9|6|5120
processo-268|268|48|27|7|2048
processo-269|269|16|82|2|5120
processo-270|270|8|47|6|7168
processo-271|271|72|13|6|4096
processo-272|272|40|72|7|4096
processo-273|273|16|85|5|3072
processo-274|274|72|72|9|4096
processo-275|275|24|67|1|4096
processo-276|276|16|44|3|2048
processo-277|277|32|57|7|8192
processo-278|278|64|41|5|5120
processo-279|279|40|52|8|1024
processo-280|280|8|79|1|9216
processo-281|281|40|21|9|8192
processo-282|282|64|64|9|7168
processo-283|283|48|13|8|2048
processo-284|284|64|50|2|7168
processo-285|285|32|37|5|5120
processo-286|286|64|41|4|5120
processo-287|287|40|27|3|4096
processo-288|288|48|9|8|2048
processo-289|289|56|50|5|4096
processo-290|290|40|62|8|3072
processo-291|291|56|11|5|8192
processo-292|292|72|1|1|5120
processo-293|293|40|36|5|3072
processo-294|294|40|26|7|9216
processo-295|295|40|49|1|8192
processo-296|296|16|25|2|7168
processo-297|297|56|89|1|5120
processo-298|298|56|35|1|8192
processo-299|299|56|41|8|7168
processo-300|300|40|7|1|5120
processo-301|301|56|36|2|9216
processo-302|302|16|55|7|7168
processo-303|303|64|89|9|7168
processo-304|304|56|49|5|3072
processo-305|305|56|47|7|2048
processo-306|306|16|9|9|5120
processo-307|307|40|11|5|1024
processo-308|308|16|73|6|6144
processo-309|309|40|74|3|1024
processo-310|310|32|68|6|5120
processo-311|311|8|86|2|2048
processo-312|312|64|62|7|8192
processo-313|313|56|20|2|4096
processo-314|314|72|32|2|5120
processo-315|315|8|65|4|9216
processo-316|316|8|53|3|8192
processo-317|317|24|6|7|9216
processo-318|318|32|40|8|4096
processo-319|319|48|82|3|3072
processo-320|320|56|11|4|5120
processo-321|321|64|3|5|7168
processo-322|322|64|75|1|8192
processo-323|323|64|95|7|8192
processo-324|324|48|82|4|2048
processo-325|325|48|69|5|5120
processo-326|326|64|56|4|8192
processo-327|327|40|38|8|2048
processo-328|328|32|30|7|1024
processo-329|329|40|63|9|8192
processo-330|330|24|89|3|2048
processo-331|331|16|74|9|8192
processo-332|332|72|72|9|4096
processo-333|333|48|93|8|7168
processo-334|334|32|16|4|4096
processo-335|335|32|31|9|1024
processo-336|336|72|6|4|2048
processo-337|337|72|22|4|9216
processo-338|338|8|30|3|4096
processo-339|339|40|73|1|5120
processo-340|340|48|12|9|6144
processo-341|341|24|56|6|1024
processo-342|342|8|55|3|1024
processo-343|343|16|78|2|7168
processo-344|344|8|44|5|8192
processo-345|345|40|76|6|7168
processo-346|346|64|83|2|1024
processo-347|347|24|76|5|5120
processo-348|348|48|38|1|4096
processo-349|349|48|5|5|7168
processo-350|350|72|93|8|3072
processo-351|351|48|66|6|8192
processo-352|352|64|55|3|2048
processo-353|353|24|87|5|7168
processo-354|354|56|14|1|1024
processo-355|355|24|90|7|6144
processo-356|356|56|43|5|9216
processo-357|357|72|27|1|3072
processo-358|358|32|90|5|4096
processo-359|359|48|58|3|5120
processo-360|360|72|7|9|5120
processo-361|361|8|73|4|8192
processo-362|362|32|71|7|6144
processo-363|363|72|10|4|9216
processo-364|364|16|30|8|9216
processo-365|365|56|46|6|7168
processo-366|366|56|90|1|8192
processo-367|367|24|23|1|5120
processo-368|368|56|6|3|2048
processo-369|369|40|48|2|5120
processo-370|370|24|95|1|5120
processo-371|371|8|97|3|5120
processo-372|372|64|61|6|7168
processo-373|373|72|39|3|6144
processo-374|374|72|45|6|3072
processo-375|375|24|80|8|8192
processo-376|376|32|14|1|1024
processo-377|377|64|97|6|9216
processo-378|378|64|82|7|8192
processo-379|379|72|46|3|9216
processo-380|380|16|19|9|9216
processo-381|381|40|39|7|9216
processo-382|382|40|89|1|7168
processo-383|383|72|6|3|5120
processo-384|384|40|17|4|1024
processo-385|385|72|75|3|9216
processo-386|386|32|44|7|5120
processo-387|387|8|70|6|5120
processo-388|388|40|53|8|2048
processo-389|389|16|31|2|3072
processo-390|390|64|53|7|3072
processo-391|391|72|54|3|7168
processo-392|392|64|59|6|9216
processo-393|393|32|44|5|4096
processo-394|394|24|18|6|2048
processo-395|395|72|57|3|4096
processo-396|396|72|36|2|3072
processo-397|397|32|44|3|9216
processo-398|398|24|49|1|5120
processo-399|399|32|20|5|8192
processo-400|400|24|19|6|9216
processo-401|401|48|41|6|9216
processo-402|402|24|97|9|9216
processo-403|403|64|83|2|1024
processo-404|404|8|43|6|7168
processo-405|405|24|15|8|8192
processo-406|406|40|53|8|1024
processo-407|407|72|23|4|6144
processo-408|408|72|71|5|9216
processo-409|409|32|31|9|5120
processo-410|410|64|3|6|4096
processo-411|411|64|80|7|2048
processo-412|412|8|49|7|5120
processo-413|413|32|91|7|9216
processo-414|414|72|70|8|7168
processo-415|415|8|45|4|6144
processo-416|416|16|77|9|7168
processo-417|417|56|64|9|5120
processo-418|418|40|57|4|7168
processo-419|419|40|79|2|3072
processo-420|420|72|38|8|1024
processo-421|421|48|28|2|9216
processo-422|422|48|20|3|4096
processo-423|423|24|35|2|7168
processo-424|424|48|94|1|3072
processo-425|425|72|40|5|4096
processo-426|426|56|16|8|3072
processo-427|427|72|39|1|2048
processo-428|428|56|50|9|7168
processo-429|429|8|89|1|6144
processo-430|430|16|86|8|1024
processo-431|431|56|74|1|2048
processo-432|432|64|61|1|5120
processo-433|433|40|27|8|5120
processo-434|434|24|31|6|4096
processo-435|435|48|57|9|5120
processo-436|436|48|27|2|8192
processo-437|437|40|35|8|6144
processo-438|438|16|31|7|4096
processo-439|439|24|64|6|6144
processo-440|440|24|85|9|1024
processo-441|441|64|95|9|1024
processo-442|442|24|62|6|2048
processo-443|443|8|38|4|1024
processo-444|444|8|34|6|8192
processo-445|445|24|59|5|5120
processo-446|446|72|61|7|3072
processo-447|447|72|68|8|3072
processo-448|448|48|90|4|9216
processo-449|449|32|53|7|3072
processo-450|450|64|50|8|1024
processo-451|451|16|30|1|6144
processo-452|452|40|36|2|8192
processo-453|453|64|74|6|9216
processo-454|454|48|45|3|6144
processo-455|455|40|98|9|1024
processo-456|456|32|63|4|8192
processo-457|457|72|96|5|4096
processo-458|458|40|28|2|6144
processo-459|459|32|45|4|3072
processo-460|460|48|40|8|7168
processo-461|461|8|3|7|4096
processo-462|462|64|58|3|6144
processo-463|463|48|33|3|7168
processo-464|464|72|70|1|2048
processo-465|465|16|94|7|3072
processo-466|466|32|78|6|5120
processo-467|467|48|87|8|6144
processo-468|468|64|20|2|4096
processo-469|469|24|32|3|6144
processo-470|470|64|83|9|6144
processo-471|471|16|4|5|5120
processo-472|472|72|18|7|9216
processo-473|473|8|45|4|3072
processo-474|474|56|11|3|4096
processo-475|475|64|66|5|5120
processo-476|476|16|14|6|6144
processo-477|477|40|14|7|7168
processo-478|478|40|91|1|3072
processo-479|479|16|82|9|3072
processo-480|480|32|90|8|2048
processo-481|481|64|5|2|6144
processo-482|482|56|54|2|2048
processo-483|483|56|5|5|9216